1	Азот			N2		N2		0.003	0.031	0.009617	0.1	0.057	0.117266
2	Диоксид_углерода	CO2		CO2		0.006	0.005	0.015021	0.016	0.076	0.011093
3	Метан			CH4		CH4		0.965	0.907	0.859284	0.735	0.812	0.825198
4	Этан			C2H6		C2H6		0.018	0.045	0.084563	0.033	0.043	0.034611
5	Пропан			C3H8		C3H8		0.0045	0.0084	0.023022	0.0074	0.009	0.007645
6	Н-Бутан			N-C4H10		N-C4H10		0.001	0.0015	0.006985	0.0008	0.0015	0.002539
7	Изобутан		I-C4H10		I-C4H10		0.001	0.001	0		0.0008	0.0015	0
8	Н-Пентан		N-C5H12		N-C5H12		0.0003	0.0004	0.001218	0.0004	0	0.000746
9	Изопентан		I-C5H12		I-C5H12		0.0005	0.0003	0		0.0004	0	0
10	Н-Гексан		N-C6H14		N-C6H14		0.0007	0	0.000228	0.0002	0	0.000225
11	Н-Гептан		N-C7H16		N-C7H16		0	0	0.000057	0.0001	0	0.00011
12	Н-Октан			N-C8H18		N-C8H18		0	0	0.000005	0.0001	0	0.000029
13	Н-Нонан			N-C9H20		N-C9H20		0	0	0		0.0001	0	0
14	Н-Декан			N-C10H22	N-C10H22	0	0	0		0.0001	0	0
15	Водород			H2		H2		0	0	0		0.095	0	0
16	Кислород		O2		O2		0	0.0001	0		0.0001	0	0
17	Монооксид_углерода	CO		CO		0	0	0		0.01	0	0
18	Вода			H2O		H2O		0	0.0001	0		0.0001	0	0
19	Сероводород		H2S		H2S		0	0.0001	0		0.0001	0	0
20	Гелий			He		He		0	0	0		0.0002	0	0.000538
21	Аргон			Ar		Ar		0	0.0001	0		0.0001	0	0
