 
1	Азот			N2		28,0135	99,73778	0,4479153	0,027815	0		0	0	0
2	Диоксид_углерода	CO2		44,01	241,9606	0,4557489	0,189065	0,69		0	0	0
3	Метан			CH4		16,043	151,3183	0,4619255	0		0		0	0	0
4	Этан			C2H6		30,07	244,1667	0,5279209	0,0793		0		0	0	0
5	Пропан			C3H8		44,097	298,1183	0,583749	0,141239	0		0	0	0
6	Н-Бутан			N-C4H10		58,123	337,6389	0,6341423	0,281835	0		0	0	0
7	Изобутан		I-C4H10		58,123	324,0689	0,6406937	0,256692	0		0	0	0
8	Н-Пентан		N-C5H12		72,15	370,6823	0,6798307	0,366911	0		0	0	0
9	Изопентан		I-C5H12		72,15	365,5999	0,6738577	0,332267	0		0	0	0
10	Н-Гексан		N-C6H14		86,177	402,636293	0,7175118	0,289731	0		0	0	0
11	Н-Гептан		N-C7H16		100,204	427,72263	0,7525189	0,337542	0		0	0	0
12	Н-Октан			N-C8H18		114,231	450,325022	0,784955	0,383381	0		0	0	0
13	Н-Нонан			N-C9H20		128,258	470,840891	0,8152731	0,427354	0		0	0	0
14	Н-Декан			N-C10H22	142,285	489,558373	0,8437826	0,469659	0		0	0	0
15	Водород			H2		2,0159	26,95794	0,3514916	0,034369	0		1	0	0
16	Кислород		O2		31,9988	122,7667	0,4186954	0,021		0		0	0	0
17	Монооксид_углерода	CO		28,01	105,5348	0,4533894	0,038953	0		0	0	0
18	Вода			H2O		18,0153	514,0156	0,3825868	0,3325		1,06775		0	1,5822	1
19	Сероводород		H2S		34,082	296,355		0,4618263	0,0885		0,633276	0	0,39	0
20	Гелий			He		4,0026	2,610111	0,3589888	0		0		0	0	0
21	Аргон			Ar		39,948	119,6299	0,4216551	0		0		0	0	0
